76831
76803
76891
76902
76898
76849
76825
76854
76906
76833
76929
76833
76839
76828
76817
76938
76873
76847
76801
76830
76875
76811
76796
76886
76895
76884
76909
76929
76856
76846
