867
766
